1	665	0	0.9715056821524378
1	665	1	0.9253065819833793
1	665	2	0.9164637301830535
1	665	3	1.376685266909392
1	665	4	1.116270721935835
1	665	5	0.8319261911753062
1	665	6	1.0121103922526042
1	665	7	0.9392804471676626
1	665	8	1.09332642188439
1	665	9	0.926377500806536
1	665	10	1.3158516161369556
1	665	11	0.9702459597120098
1	665	12	0.9065134409311656
1	665	13	1.1607397671403556
1	665	14	1.2435177167256672
1	665	15	0.6993353171426742
1	665	16	0.8176109329193176
1	665	17	1.1499884128570557
1	665	18	1.3369370551958477
1	665	19	0.8763227770405431
1	665	20	1.7890335321426392
1	665	21	0.9363592952662121
1	665	22	1.0609557948161645
1	665	23	0.7386278005746695
1	665	24	0.612935534978317
1	665	25	0.608128529674602
1	665	26	0.8475939432779948
1	665	27	0.9184551239013672
1	665	28	0.5872523444039481
2	665	0	0.9717286081025095
2	665	1	0.9742054332386364
2	665	2	0.8663260794974662
2	665	3	1.325105226956881
2	665	4	1.0870322555792136
2	665	5	0.8251919786469275
2	665	6	0.9809790517769608
2	665	7	0.8910128593444824
2	665	8	1.1195251024686372
2	665	9	0.9332592146737235
2	665	10	1.337507096547929
2	665	11	0.9447552530389083
2	665	12	0.881360066211437
2	665	13	1.251719731156544
2	665	14	1.2202093941824776
2	665	15	0.6977483355809772
2	665	16	0.8165775587578782
2	665	17	1.0968726873397827
2	665	18	1.2933190998278166
2	665	19	0.8389945733742635
2	665	20	1.7311767809318774
2	665	21	0.9457361210775639
2	665	22	1.056234263410472
2	665	23	0.8656283546896542
2	665	24	0.6062695185343424
2	665	25	0.6288758030644169
2	665	26	0.840976805914016
2	665	27	0.9179260500015751
2	665	28	0.5902784281763537
3	665	0	0.9466776682918233
3	665	1	0.9411450113568988
3	665	2	0.8655594921616651
3	665	3	1.3018978663853236
3	665	4	1.105485884869685
3	665	5	0.844237564394138
3	665	6	0.9911314787688079
3	665	7	0.8786130138033059
3	665	8	1.1078179992071473
3	665	9	0.9673425810677665
3	665	10	1.2406230253331803
3	665	11	0.9300142589368319
3	665	12	0.8720140021464546
3	665	13	1.290195095923639
3	665	14	1.241897741953532
3	665	15	0.6237536960177952
3	665	16	0.7910254983340993
3	665	17	1.079890251159668
3	665	18	1.2983457777235243
3	665	19	0.8336285621889176
3	665	20	1.7299344611890388
3	665	21	0.9023231324695405
3	665	22	1.051705063030284
3	665	23	0.8435158362755408
3	665	24	0.5766894691868832
3	665	25	0.6109250626474056
3	665	26	0.8292986551920573
3	665	27	0.9121734249976373
3	665	28	0.591690129247205
4	665	0	0.9572950585346539
4	665	1	0.963324887411935
4	665	2	0.8833730061848958
4	665	3	1.3014722753454138
4	665	4	1.0017332949880826
4	665	5	0.8537697531960228
4	665	6	0.9314843725970411
4	665	7	0.9556690257984203
4	665	8	1.0493013654436385
4	665	9	0.899282727922712
4	665	10	1.2820166972146105
4	665	11	0.9157129575128424
4	665	12	0.8352654691107355
4	665	13	1.231277224892064
4	665	14	1.2350523471832275
4	665	15	0.685827150449648
4	665	16	0.8466294381821725
4	665	17	1.1052743196487427
4	665	18	1.304681476793791
4	665	19	0.7614876168673156
4	665	20	1.6214492321014404
4	665	21	0.895594733101981
4	665	22	1.054488894813939
4	665	23	0.8810396345834883
4	665	24	0.5734219233194987
4	665	25	0.5567849717050228
4	665	26	0.8185918898809523
4	665	27	0.924597422281901
4	665	28	0.5932754648142847
5	665	0	0.9648218140566259
5	665	1	0.9306341807047526
5	665	2	0.9178773649446257
5	665	3	1.2831714771412037
5	665	4	1.0741939857357838
5	665	5	0.8540899103338068
5	665	6	0.9398370706810142
5	665	7	0.905185772355195
5	665	8	1.1112584686279297
5	665	9	0.9530948911394391
5	665	10	1.1463436297516325
5	665	11	0.9058384307443279
5	665	12	0.8413330980122383
5	665	13	1.3119545794547873
5	665	14	1.1840798187255859
5	665	15	0.7379259012513242
5	665	16	0.8066690401144964
5	665	17	1.0817435293486624
5	665	18	1.2580501154849404
5	665	19	0.7903779745101929
5	665	20	1.6772021953876202
5	665	21	0.966763558472402
5	665	22	1.0022574265797932
5	665	23	0.7796444748387192
5	665	24	0.5794619544077728
5	665	25	0.5897759177468039
5	665	26	0.8174330393473307
5	665	27	0.9010278024981099
5	665	28	0.5949390016753098
6	665	0	0.979043799710561
6	665	1	0.9518141065325055
6	665	2	0.8126133753600733
6	665	3	1.3152206965855189
6	665	4	1.0641846091060314
6	665	5	0.8341257409525791
6	665	6	1.0014045183048692
6	665	7	0.8803263786587133
6	665	8	1.0585392543247767
6	665	9	0.9455755167994006
6	665	10	1.2230620664708756
6	665	11	0.9473044466810162
6	665	12	0.8027653681767452
6	665	13	1.227422463773477
6	665	14	1.236074447631836
6	665	15	0.6707575362541772
6	665	16	0.7669011778750662
6	665	17	1.087075204560251
6	665	18	1.3040577737908614
6	665	19	0.8182748363864037
6	665	20	1.6344935099283855
6	665	21	0.9330707029862837
6	665	22	0.9594926225378159
6	665	23	0.9029756986177885
6	665	24	0.582299507270425
6	665	25	0.5877406924378639
6	665	26	0.8005201248895555
6	665	27	0.8935862859090169
6	665	28	0.6111642292567662
7	665	0	0.9530609177028178
7	665	1	0.9359684350355616
7	665	2	0.8708844627838969
7	665	3	1.308224814278739
7	665	4	1.004221447443558
7	665	5	0.7621974104541843
7	665	6	1.0545565582985101
7	665	7	0.915069191319168
7	665	8	1.0490744562432317
7	665	9	0.9420506707553206
7	665	10	1.2219106190240205
7	665	11	0.9579271304061989
7	665	12	0.8107670601167827
7	665	13	1.239562003843246
7	665	14	1.1670151519775391
7	665	15	0.6722291310628256
7	665	16	0.7780564952435189
7	665	17	1.1005957126617432
7	665	18	1.3218531151340431
7	665	19	0.7908631563186646
7	665	20	1.6493836660233756
7	665	21	0.9250361124674479
7	665	22	0.9407564798990885
7	665	23	0.8897586591315992
7	665	24	0.5723922858803959
7	665	25	0.5966558809633609
7	665	26	0.7953486669631231
7	665	27	0.8870750550300844
7	665	28	0.5989592979694235
8	665	0	0.9528569401921453
8	665	1	0.9410989241166549
8	665	2	0.8536662845821171
8	665	3	1.3065745489937919
8	665	4	0.9819833098864946
8	665	5	0.7471634498992358
8	665	6	0.9833156701290247
8	665	7	0.8550967990791536
8	665	8	1.058064105463963
8	665	9	0.9416834050958807
8	665	10	1.2382901872907366
8	665	11	0.9377821380016851
8	665	12	0.8079669962249677
8	665	13	1.1000838584088264
8	665	14	1.2192760965098506
8	665	15	0.6619304547991072
8	665	16	0.7813640427240996
8	665	17	1.084915280342102
8	665	18	1.308826137233425
8	665	19	0.8014136094313401
8	665	20	1.6072720614346592
8	665	21	0.9310654726895419
8	665	22	0.9763618780642139
8	665	23	0.782254594745058
8	665	24	0.5685407294601691
8	665	25	0.6052814766212746
8	665	26	0.7957979838053385
8	665	27	0.8814977830456149
8	665	28	0.5999385570657665
9	665	0	0.897865341648911
9	665	1	0.8992026293719256
9	665	2	0.844185357344778
9	665	3	1.3045926775251115
9	665	4	1.002321058704007
9	665	5	0.7497685104860671
9	665	6	1.0081652507129277
9	665	7	0.9167078669915752
9	665	8	1.0520680500910833
9	665	9	0.8902631956955482
9	665	10	1.2203570379727129
9	665	11	0.9567741187843116
9	665	12	0.7943657127586571
9	665	13	1.184823929636102
9	665	14	1.1453262640505422
9	665	15	0.6883758121066623
9	665	16	0.787148920694987
9	665	17	1.0740963328968396
9	665	18	1.2669202443715688
9	665	19	0.8010052272251674
9	665	20	1.6231731708233172
9	665	21	0.8455606797162224
9	665	22	0.9461702169831266
9	665	23	0.8886748925963445
9	665	24	0.5682102785272113
9	665	25	0.5698719024658203
9	665	26	0.7979947952997117
9	665	27	0.8603785832722982
9	665	28	0.5951348008780644
10	665	0	0.9251686890200792
10	665	1	0.9024230109320747
10	665	2	0.8131036706872888
10	665	3	1.3343515749330874
10	665	4	0.9838836152674788
10	665	5	0.7068816580113872
10	665	6	0.97795382928671
10	665	7	0.9233382325735151
10	665	8	1.0047810124415977
10	665	9	0.9374423027038574
10	665	10	1.2106085250626748
10	665	11	0.9235783138790646
10	665	12	0.8264774450652052
10	665	13	1.172242834212932
10	665	14	1.1339689636230468
10	665	15	0.6297767232861039
10	665	16	0.7787435584038055
10	665	17	1.0655075998017283
10	665	18	1.187560712787467
10	665	19	0.7532952831637475
10	665	20	1.5434213118119673
10	665	21	0.8821985735212053
10	665	22	0.9717356363932291
10	665	23	0.845065190241887
10	665	24	0.5859108606974284
10	665	25	0.5848069367585359
10	665	26	0.781515393938337
10	665	27	0.8860887096774194
10	665	28	0.5901053198452654
11	665	0	0.9163391848644579
11	665	1	0.8690079428932883
11	665	2	0.8150537369099069
11	665	3	1.3184448524757668
11	665	4	0.9319620768229167
11	665	5	0.7450172359107906
11	665	6	1.0313109164108099
11	665	7	0.8863835787142788
